{
 "cells": [
  {
   "cell_type": "markdown",
   "metadata": {},
   "source": [
    "# 第七周练习题 Multicollinearity \n",
    "## 背景描述  \n",
    "McDonald和Schwing(1973)提出了一项研究，将总死亡率与气候、社会经济和污染变量联系起来，本研究选择了 15 个自变量列于下表。因变量是以上原因在年龄调整后的总死亡率。我们不对该研究的流行病学方面作评论，而仅仅作为变量选择的说明性例子使用这些数据。  \n",
    "由此我们构造了 60 个观测的 15 个变量，具体请见下表：\n",
    "\n",
    "## 数据描述\n",
    "\n",
    "|     变量名      |            变量含义            |      变量类型       |  变量取值范围  |\n",
    "| :-------------: | :----------------------------: | :-----------------: | :------------: |\n",
    "|  （自变量1）X1  |       年平均降水量(英寸)       | continuous variable | $\\mathbb{R}^+$ |\n",
    "|  （自变量2）X2  |      一月平均气温(华氏度)      | continuous variable | $\\mathbb{R}^+$ |\n",
    "|  （自变量3）X3  |      七月平均气温(华氏度)      | continuous variable | $\\mathbb{R}^+$ |\n",
    "|  （自变量4）X4  |      占65岁以上人口的比例      | continuous variable | $\\mathbb{R}^+$ |\n",
    "|  （自变量5）X5  |          每个家庭人口          | continuous variable | $\\mathbb{R}^+$ |\n",
    "|  （自变量6）X6  |         完成的平均学制         | continuous variable | $\\mathbb{R}^+$ |\n",
    "|  （自变量7）X7  |     健全的住房单位的百分比     | continuous variable | $\\mathbb{R}^+$ |\n",
    "|  （自变量8）X8  |         每平方英里人口         | continuous variable | $\\mathbb{R}^+$ |\n",
    "|  （自变量9）X9  |       占非白人人口的比例       | continuous variable | $\\mathbb{R}^+$ |\n",
    "| （自变量10）X10 |        白领工作的就业率        | continuous variable | $\\mathbb{R}^+$ |\n",
    "| （自变量11）X11 | 收入在3000美元以下家庭的百分比 | continuous variable | $\\mathbb{R}^+$ |\n",
    "| （自变量12）X12 |    碳氢化合物的相对污染潜力    | continuous variable | $\\mathbb{R}^+$ |\n",
    "| （自变量13）X13 |     氮氧化物的相对污染潜力     | continuous variable | $\\mathbb{R}^+$ |\n",
    "| （自变量14）X14 |     二氧化硫的相对污染潜力     | continuous variable | $\\mathbb{R}^+$ |\n",
    "| （自变量15）X15 |         相对湿度百分比         | continuous variable | $\\mathbb{R}^+$ |\n",
    "|   （因变量）Y   |  所有原因经年龄调整的总死亡率  | continuous variable | $\\mathbb{R}^+$ |"
   ]
  },
  {
   "cell_type": "markdown",
   "metadata": {},
   "source": [
    "## 问题 \n",
    "注：这里使用 \\alpha=0.05 的显著性水平\n",
    "\n",
    "1. 对数据建立多元线性回归模型.\n",
    "2. 判断这些特征之间是否存在多重共线性，并给出判断依据.\n",
    "3. 以 BIC 为指标，对模型进行逐步回归做变量选择，判断变量选择后是否存在多重共线性。  \n",
    "\n",
    "## 解决方案"
   ]
  },
  {
   "cell_type": "markdown",
   "metadata": {},
   "source": [
    "## Q1：对数据建立多元线性回归模型.\n",
    "\n",
    "对因变量“所有原因经年龄调整的总死亡率”建立多元线性回归模型，考虑这15个特征对因变量的影响。"
   ]
  },
  {
   "cell_type": "code",
   "execution_count": 1,
   "metadata": {},
   "outputs": [
    {
     "name": "stdout",
     "output_type": "stream",
     "text": [
      "    0     1     2     3     4     5     6     7       8     9     10    11  \\\n",
      "0  1.0  36.0  27.0  71.0   8.1  3.34  11.4  81.5  3243.0   8.8  42.6  11.7   \n",
      "1  1.0  35.0  23.0  72.0  11.1  3.14  11.0  78.8  4281.0   3.5  50.7  14.4   \n",
      "2  1.0  44.0  29.0  74.0  10.4  3.21   9.8  81.6  4260.0   0.8  39.4  12.4   \n",
      "3  1.0  47.0  45.0  79.0   6.5  3.41  11.1  77.5  3125.0  27.1  50.2  20.6   \n",
      "4  1.0  43.0  35.0  77.0   7.6  3.44   9.6  84.6  6441.0  24.4  43.7  14.3   \n",
      "\n",
      "     12    13     14    15       16  \n",
      "0  21.0  15.0   59.0  59.0   921.87  \n",
      "1   8.0  10.0   39.0  57.0   997.88  \n",
      "2   6.0   6.0   33.0  54.0   962.35  \n",
      "3  18.0   8.0   24.0  56.0   982.29  \n",
      "4  43.0  38.0  206.0  55.0  1071.29  \n"
     ]
    }
   ],
   "source": [
    "# Import standard packages\n",
    "import numpy as np\n",
    "import pandas as pd\n",
    "import scipy.stats as stats\n",
    "import matplotlib.pyplot as plt\n",
    "import math\n",
    "\n",
    "# Import additional packages\n",
    "from itertools import combinations\n",
    "import statsmodels.api as sm\n",
    "from statsmodels.stats.outliers_influence import variance_inflation_factor\n",
    "\n",
    "alpha = 0.05\n",
    "p = 15\n",
    "n = 60\n",
    "\n",
    "x = pd.read_csv('D:\\\\mycode\\\\大三上\\\\可视化code\\\\统计学习方法\\\\Multicollinearity\\\\homework\\\\Air_Pollution.csv')\n",
    "#加第0列，第0列全为1\n",
    "x.insert(0, '0', np.ones(len(x))) \n",
    "data = x.values * 1\n",
    "df = pd.DataFrame(data)\n",
    "print(df.head())\n",
    "\n",
    "#X矩阵\n",
    "X = data[:,0:p+1]\n",
    "Y = data[:,-1]\n",
    "\n",
    "#一些准备工作 数据预处理，对自变量 X 进行标准化\n",
    "\n",
    "# 求自变量 X 的标准差\n",
    "X_mean = []\n",
    "for i in range(p):\n",
    "    X_mean.append(np.mean(X[:, i+1])) \n",
    "X_sigma = []\n",
    "for i in range(p):\n",
    "    X_sigma.append(sum((X[:, i+1] - X_mean[i]) ** 2))  \n",
    "\n",
    "# 对自变量 X 标准化(截距项不用标准化)\n",
    "X_std = X * 1.0\n",
    "X_std[:,1:p+1] = (X[:,1:p+1] - X_mean) / np.sqrt(X_sigma)"
   ]
  },
  {
   "cell_type": "markdown",
   "metadata": {},
   "source": [
    "**做多元线性回归分析**"
   ]
  },
  {
   "cell_type": "code",
   "execution_count": 2,
   "metadata": {},
   "outputs": [
    {
     "data": {
      "text/html": [
       "<table class=\"simpletable\">\n",
       "<caption>OLS Regression Results</caption>\n",
       "<tr>\n",
       "  <th>Dep. Variable:</th>            <td>y</td>        <th>  R-squared:         </th> <td>   0.765</td>\n",
       "</tr>\n",
       "<tr>\n",
       "  <th>Model:</th>                   <td>OLS</td>       <th>  Adj. R-squared:    </th> <td>   0.685</td>\n",
       "</tr>\n",
       "<tr>\n",
       "  <th>Method:</th>             <td>Least Squares</td>  <th>  F-statistic:       </th> <td>   9.542</td>\n",
       "</tr>\n",
       "<tr>\n",
       "  <th>Date:</th>             <td>Sun, 24 Oct 2021</td> <th>  Prob (F-statistic):</th> <td>2.19e-09</td>\n",
       "</tr>\n",
       "<tr>\n",
       "  <th>Time:</th>                 <td>12:46:51</td>     <th>  Log-Likelihood:    </th> <td> -289.03</td>\n",
       "</tr>\n",
       "<tr>\n",
       "  <th>No. Observations:</th>      <td>    60</td>      <th>  AIC:               </th> <td>   610.1</td>\n",
       "</tr>\n",
       "<tr>\n",
       "  <th>Df Residuals:</th>          <td>    44</td>      <th>  BIC:               </th> <td>   643.6</td>\n",
       "</tr>\n",
       "<tr>\n",
       "  <th>Df Model:</th>              <td>    15</td>      <th>                     </th>     <td> </td>   \n",
       "</tr>\n",
       "<tr>\n",
       "  <th>Covariance Type:</th>      <td>nonrobust</td>    <th>                     </th>     <td> </td>   \n",
       "</tr>\n",
       "</table>\n",
       "<table class=\"simpletable\">\n",
       "<tr>\n",
       "    <td></td>       <th>coef</th>     <th>std err</th>      <th>t</th>      <th>P>|t|</th>  <th>[0.025</th>    <th>0.975]</th>  \n",
       "</tr>\n",
       "<tr>\n",
       "  <th>const</th> <td>  940.3585</td> <td>    4.509</td> <td>  208.538</td> <td> 0.000</td> <td>  931.271</td> <td>  949.446</td>\n",
       "</tr>\n",
       "<tr>\n",
       "  <th>x1</th>    <td>  146.1294</td> <td>   70.845</td> <td>    2.063</td> <td> 0.045</td> <td>    3.351</td> <td>  288.908</td>\n",
       "</tr>\n",
       "<tr>\n",
       "  <th>x2</th>    <td> -151.3453</td> <td>   86.575</td> <td>   -1.748</td> <td> 0.087</td> <td> -325.826</td> <td>   23.135</td>\n",
       "</tr>\n",
       "<tr>\n",
       "  <th>x3</th>    <td> -113.4333</td> <td>   69.576</td> <td>   -1.630</td> <td> 0.110</td> <td> -253.654</td> <td>   26.787</td>\n",
       "</tr>\n",
       "<tr>\n",
       "  <th>x4</th>    <td> -101.9781</td> <td>   95.465</td> <td>   -1.068</td> <td> 0.291</td> <td> -294.376</td> <td>   90.419</td>\n",
       "</tr>\n",
       "<tr>\n",
       "  <th>x5</th>    <td> -110.9860</td> <td>   72.494</td> <td>   -1.531</td> <td> 0.133</td> <td> -257.088</td> <td>   35.116</td>\n",
       "</tr>\n",
       "<tr>\n",
       "  <th>x6</th>    <td> -111.3974</td> <td>   77.006</td> <td>   -1.447</td> <td> 0.155</td> <td> -266.593</td> <td>   43.798</td>\n",
       "</tr>\n",
       "<tr>\n",
       "  <th>x7</th>    <td>  -25.7135</td> <td>   69.812</td> <td>   -0.368</td> <td> 0.714</td> <td> -166.410</td> <td>  114.983</td>\n",
       "</tr>\n",
       "<tr>\n",
       "  <th>x8</th>    <td>   40.2161</td> <td>   44.979</td> <td>    0.894</td> <td> 0.376</td> <td>  -50.434</td> <td>  130.866</td>\n",
       "</tr>\n",
       "<tr>\n",
       "  <th>x9</th>    <td>  305.5909</td> <td>   90.946</td> <td>    3.360</td> <td> 0.002</td> <td>  122.300</td> <td>  488.881</td>\n",
       "</tr>\n",
       "<tr>\n",
       "  <th>x10</th>   <td>   -6.6313</td> <td>   58.879</td> <td>   -0.113</td> <td> 0.911</td> <td> -125.295</td> <td>  112.032</td>\n",
       "</tr>\n",
       "<tr>\n",
       "  <th>x11</th>   <td>   -5.3495</td> <td>  103.126</td> <td>   -0.052</td> <td> 0.959</td> <td> -213.187</td> <td>  202.488</td>\n",
       "</tr>\n",
       "<tr>\n",
       "  <th>x12</th>   <td> -474.8764</td> <td>  346.905</td> <td>   -1.369</td> <td> 0.178</td> <td>-1174.016</td> <td>  224.264</td>\n",
       "</tr>\n",
       "<tr>\n",
       "  <th>x13</th>   <td>  476.9329</td> <td>  357.884</td> <td>    1.333</td> <td> 0.190</td> <td> -244.334</td> <td> 1198.200</td>\n",
       "</tr>\n",
       "<tr>\n",
       "  <th>x14</th>   <td>   42.0025</td> <td>   71.829</td> <td>    0.585</td> <td> 0.562</td> <td> -102.759</td> <td>  186.764</td>\n",
       "</tr>\n",
       "<tr>\n",
       "  <th>x15</th>   <td>    4.4026</td> <td>   48.236</td> <td>    0.091</td> <td> 0.928</td> <td>  -92.810</td> <td>  101.615</td>\n",
       "</tr>\n",
       "</table>\n",
       "<table class=\"simpletable\">\n",
       "<tr>\n",
       "  <th>Omnibus:</th>       <td> 2.991</td> <th>  Durbin-Watson:     </th> <td>   2.129</td>\n",
       "</tr>\n",
       "<tr>\n",
       "  <th>Prob(Omnibus):</th> <td> 0.224</td> <th>  Jarque-Bera (JB):  </th> <td>   2.088</td>\n",
       "</tr>\n",
       "<tr>\n",
       "  <th>Skew:</th>          <td> 0.359</td> <th>  Prob(JB):          </th> <td>   0.352</td>\n",
       "</tr>\n",
       "<tr>\n",
       "  <th>Kurtosis:</th>      <td> 3.566</td> <th>  Cond. No.          </th> <td>    111.</td>\n",
       "</tr>\n",
       "</table><br/><br/>Notes:<br/>[1] Standard Errors assume that the covariance matrix of the errors is correctly specified."
      ],
      "text/plain": [
       "<class 'statsmodels.iolib.summary.Summary'>\n",
       "\"\"\"\n",
       "                            OLS Regression Results                            \n",
       "==============================================================================\n",
       "Dep. Variable:                      y   R-squared:                       0.765\n",
       "Model:                            OLS   Adj. R-squared:                  0.685\n",
       "Method:                 Least Squares   F-statistic:                     9.542\n",
       "Date:                Sun, 24 Oct 2021   Prob (F-statistic):           2.19e-09\n",
       "Time:                        12:46:51   Log-Likelihood:                -289.03\n",
       "No. Observations:                  60   AIC:                             610.1\n",
       "Df Residuals:                      44   BIC:                             643.6\n",
       "Df Model:                          15                                         \n",
       "Covariance Type:            nonrobust                                         \n",
       "==============================================================================\n",
       "                 coef    std err          t      P>|t|      [0.025      0.975]\n",
       "------------------------------------------------------------------------------\n",
       "const        940.3585      4.509    208.538      0.000     931.271     949.446\n",
       "x1           146.1294     70.845      2.063      0.045       3.351     288.908\n",
       "x2          -151.3453     86.575     -1.748      0.087    -325.826      23.135\n",
       "x3          -113.4333     69.576     -1.630      0.110    -253.654      26.787\n",
       "x4          -101.9781     95.465     -1.068      0.291    -294.376      90.419\n",
       "x5          -110.9860     72.494     -1.531      0.133    -257.088      35.116\n",
       "x6          -111.3974     77.006     -1.447      0.155    -266.593      43.798\n",
       "x7           -25.7135     69.812     -0.368      0.714    -166.410     114.983\n",
       "x8            40.2161     44.979      0.894      0.376     -50.434     130.866\n",
       "x9           305.5909     90.946      3.360      0.002     122.300     488.881\n",
       "x10           -6.6313     58.879     -0.113      0.911    -125.295     112.032\n",
       "x11           -5.3495    103.126     -0.052      0.959    -213.187     202.488\n",
       "x12         -474.8764    346.905     -1.369      0.178   -1174.016     224.264\n",
       "x13          476.9329    357.884      1.333      0.190    -244.334    1198.200\n",
       "x14           42.0025     71.829      0.585      0.562    -102.759     186.764\n",
       "x15            4.4026     48.236      0.091      0.928     -92.810     101.615\n",
       "==============================================================================\n",
       "Omnibus:                        2.991   Durbin-Watson:                   2.129\n",
       "Prob(Omnibus):                  0.224   Jarque-Bera (JB):                2.088\n",
       "Skew:                           0.359   Prob(JB):                        0.352\n",
       "Kurtosis:                       3.566   Cond. No.                         111.\n",
       "==============================================================================\n",
       "\n",
       "Notes:\n",
       "[1] Standard Errors assume that the covariance matrix of the errors is correctly specified.\n",
       "\"\"\""
      ]
     },
     "execution_count": 2,
     "metadata": {},
     "output_type": "execute_result"
    }
   ],
   "source": [
    "# multiple linear regression\n",
    "model_std = sm.OLS(Y, X_std).fit()\n",
    "Y_std_hat = model_std.fittedvalues\n",
    "model_std.summary()"
   ]
  },
  {
   "cell_type": "markdown",
   "metadata": {},
   "source": [
    "## Q2：判断这些特征之间是否存在多重共线性，并给出判断依据."
   ]
  },
  {
   "cell_type": "markdown",
   "metadata": {},
   "source": [
    "【法1】  直观判定法"
   ]
  },
  {
   "cell_type": "code",
   "execution_count": 3,
   "metadata": {},
   "outputs": [
    {
     "data": {
      "text/html": [
       "<div>\n",
       "<style scoped>\n",
       "    .dataframe tbody tr th:only-of-type {\n",
       "        vertical-align: middle;\n",
       "    }\n",
       "\n",
       "    .dataframe tbody tr th {\n",
       "        vertical-align: top;\n",
       "    }\n",
       "\n",
       "    .dataframe thead th {\n",
       "        text-align: right;\n",
       "    }\n",
       "</style>\n",
       "<table border=\"1\" class=\"dataframe\">\n",
       "  <thead>\n",
       "    <tr style=\"text-align: right;\">\n",
       "      <th></th>\n",
       "      <th>0</th>\n",
       "      <th>1</th>\n",
       "      <th>2</th>\n",
       "      <th>3</th>\n",
       "      <th>4</th>\n",
       "      <th>5</th>\n",
       "      <th>6</th>\n",
       "      <th>7</th>\n",
       "      <th>8</th>\n",
       "      <th>9</th>\n",
       "      <th>10</th>\n",
       "      <th>11</th>\n",
       "      <th>12</th>\n",
       "      <th>13</th>\n",
       "      <th>14</th>\n",
       "      <th>15</th>\n",
       "      <th>16</th>\n",
       "    </tr>\n",
       "  </thead>\n",
       "  <tbody>\n",
       "    <tr>\n",
       "      <th>0</th>\n",
       "      <td>NaN</td>\n",
       "      <td>NaN</td>\n",
       "      <td>NaN</td>\n",
       "      <td>NaN</td>\n",
       "      <td>NaN</td>\n",
       "      <td>NaN</td>\n",
       "      <td>NaN</td>\n",
       "      <td>NaN</td>\n",
       "      <td>NaN</td>\n",
       "      <td>NaN</td>\n",
       "      <td>NaN</td>\n",
       "      <td>NaN</td>\n",
       "      <td>NaN</td>\n",
       "      <td>NaN</td>\n",
       "      <td>NaN</td>\n",
       "      <td>NaN</td>\n",
       "      <td>NaN</td>\n",
       "    </tr>\n",
       "    <tr>\n",
       "      <th>1</th>\n",
       "      <td>NaN</td>\n",
       "      <td>1.000000</td>\n",
       "      <td>0.092208</td>\n",
       "      <td>0.503273</td>\n",
       "      <td>0.101113</td>\n",
       "      <td>0.263444</td>\n",
       "      <td>-0.490425</td>\n",
       "      <td>-0.490759</td>\n",
       "      <td>-0.003515</td>\n",
       "      <td>0.413204</td>\n",
       "      <td>-0.297291</td>\n",
       "      <td>0.506585</td>\n",
       "      <td>-0.531760</td>\n",
       "      <td>-0.487321</td>\n",
       "      <td>-0.106924</td>\n",
       "      <td>-0.077343</td>\n",
       "      <td>0.509500</td>\n",
       "    </tr>\n",
       "    <tr>\n",
       "      <th>2</th>\n",
       "      <td>NaN</td>\n",
       "      <td>0.092208</td>\n",
       "      <td>1.000000</td>\n",
       "      <td>0.346282</td>\n",
       "      <td>-0.398099</td>\n",
       "      <td>-0.209212</td>\n",
       "      <td>0.116284</td>\n",
       "      <td>0.014852</td>\n",
       "      <td>-0.100051</td>\n",
       "      <td>0.453774</td>\n",
       "      <td>0.237992</td>\n",
       "      <td>0.565314</td>\n",
       "      <td>0.350809</td>\n",
       "      <td>0.321014</td>\n",
       "      <td>-0.107810</td>\n",
       "      <td>0.067872</td>\n",
       "      <td>-0.030022</td>\n",
       "    </tr>\n",
       "    <tr>\n",
       "      <th>3</th>\n",
       "      <td>NaN</td>\n",
       "      <td>0.503273</td>\n",
       "      <td>0.346282</td>\n",
       "      <td>1.000000</td>\n",
       "      <td>-0.434040</td>\n",
       "      <td>0.262280</td>\n",
       "      <td>-0.238544</td>\n",
       "      <td>-0.415032</td>\n",
       "      <td>-0.060994</td>\n",
       "      <td>0.575309</td>\n",
       "      <td>-0.021412</td>\n",
       "      <td>0.619308</td>\n",
       "      <td>-0.356494</td>\n",
       "      <td>-0.337668</td>\n",
       "      <td>-0.099348</td>\n",
       "      <td>-0.452809</td>\n",
       "      <td>0.277018</td>\n",
       "    </tr>\n",
       "    <tr>\n",
       "      <th>4</th>\n",
       "      <td>NaN</td>\n",
       "      <td>0.101113</td>\n",
       "      <td>-0.398099</td>\n",
       "      <td>-0.434040</td>\n",
       "      <td>1.000000</td>\n",
       "      <td>-0.509087</td>\n",
       "      <td>-0.138862</td>\n",
       "      <td>0.065010</td>\n",
       "      <td>0.161991</td>\n",
       "      <td>-0.637821</td>\n",
       "      <td>-0.117715</td>\n",
       "      <td>-0.309771</td>\n",
       "      <td>-0.020486</td>\n",
       "      <td>-0.002082</td>\n",
       "      <td>0.017248</td>\n",
       "      <td>0.112426</td>\n",
       "      <td>-0.174593</td>\n",
       "    </tr>\n",
       "    <tr>\n",
       "      <th>5</th>\n",
       "      <td>NaN</td>\n",
       "      <td>0.263444</td>\n",
       "      <td>-0.209212</td>\n",
       "      <td>0.262280</td>\n",
       "      <td>-0.509087</td>\n",
       "      <td>1.000000</td>\n",
       "      <td>-0.395075</td>\n",
       "      <td>-0.410590</td>\n",
       "      <td>-0.184332</td>\n",
       "      <td>0.419410</td>\n",
       "      <td>-0.425723</td>\n",
       "      <td>0.259904</td>\n",
       "      <td>-0.388205</td>\n",
       "      <td>-0.358429</td>\n",
       "      <td>-0.004084</td>\n",
       "      <td>-0.135740</td>\n",
       "      <td>0.357307</td>\n",
       "    </tr>\n",
       "    <tr>\n",
       "      <th>6</th>\n",
       "      <td>NaN</td>\n",
       "      <td>-0.490425</td>\n",
       "      <td>0.116284</td>\n",
       "      <td>-0.238544</td>\n",
       "      <td>-0.138862</td>\n",
       "      <td>-0.395075</td>\n",
       "      <td>1.000000</td>\n",
       "      <td>0.552237</td>\n",
       "      <td>-0.243883</td>\n",
       "      <td>-0.208774</td>\n",
       "      <td>0.703196</td>\n",
       "      <td>-0.403338</td>\n",
       "      <td>0.286835</td>\n",
       "      <td>0.224402</td>\n",
       "      <td>-0.234346</td>\n",
       "      <td>0.176491</td>\n",
       "      <td>-0.510988</td>\n",
       "    </tr>\n",
       "    <tr>\n",
       "      <th>7</th>\n",
       "      <td>NaN</td>\n",
       "      <td>-0.490759</td>\n",
       "      <td>0.014852</td>\n",
       "      <td>-0.415032</td>\n",
       "      <td>0.065010</td>\n",
       "      <td>-0.410590</td>\n",
       "      <td>0.552237</td>\n",
       "      <td>1.000000</td>\n",
       "      <td>0.181881</td>\n",
       "      <td>-0.410334</td>\n",
       "      <td>0.338745</td>\n",
       "      <td>-0.680680</td>\n",
       "      <td>0.386767</td>\n",
       "      <td>0.348250</td>\n",
       "      <td>0.117952</td>\n",
       "      <td>0.121901</td>\n",
       "      <td>-0.426821</td>\n",
       "    </tr>\n",
       "    <tr>\n",
       "      <th>8</th>\n",
       "      <td>NaN</td>\n",
       "      <td>-0.003515</td>\n",
       "      <td>-0.100051</td>\n",
       "      <td>-0.060994</td>\n",
       "      <td>0.161991</td>\n",
       "      <td>-0.184332</td>\n",
       "      <td>-0.243883</td>\n",
       "      <td>0.181881</td>\n",
       "      <td>1.000000</td>\n",
       "      <td>-0.005678</td>\n",
       "      <td>-0.031765</td>\n",
       "      <td>-0.162945</td>\n",
       "      <td>0.120282</td>\n",
       "      <td>0.165312</td>\n",
       "      <td>0.432086</td>\n",
       "      <td>-0.124976</td>\n",
       "      <td>0.265503</td>\n",
       "    </tr>\n",
       "    <tr>\n",
       "      <th>9</th>\n",
       "      <td>NaN</td>\n",
       "      <td>0.413204</td>\n",
       "      <td>0.453774</td>\n",
       "      <td>0.575309</td>\n",
       "      <td>-0.637821</td>\n",
       "      <td>0.419410</td>\n",
       "      <td>-0.208774</td>\n",
       "      <td>-0.410334</td>\n",
       "      <td>-0.005678</td>\n",
       "      <td>1.000000</td>\n",
       "      <td>-0.004387</td>\n",
       "      <td>0.704915</td>\n",
       "      <td>-0.025865</td>\n",
       "      <td>0.018385</td>\n",
       "      <td>0.159293</td>\n",
       "      <td>-0.117957</td>\n",
       "      <td>0.643742</td>\n",
       "    </tr>\n",
       "    <tr>\n",
       "      <th>10</th>\n",
       "      <td>NaN</td>\n",
       "      <td>-0.297291</td>\n",
       "      <td>0.237992</td>\n",
       "      <td>-0.021412</td>\n",
       "      <td>-0.117715</td>\n",
       "      <td>-0.425723</td>\n",
       "      <td>0.703196</td>\n",
       "      <td>0.338745</td>\n",
       "      <td>-0.031765</td>\n",
       "      <td>-0.004387</td>\n",
       "      <td>1.000000</td>\n",
       "      <td>-0.185161</td>\n",
       "      <td>0.203672</td>\n",
       "      <td>0.160034</td>\n",
       "      <td>-0.068461</td>\n",
       "      <td>0.060713</td>\n",
       "      <td>-0.284805</td>\n",
       "    </tr>\n",
       "    <tr>\n",
       "      <th>11</th>\n",
       "      <td>NaN</td>\n",
       "      <td>0.506585</td>\n",
       "      <td>0.565314</td>\n",
       "      <td>0.619308</td>\n",
       "      <td>-0.309771</td>\n",
       "      <td>0.259904</td>\n",
       "      <td>-0.403338</td>\n",
       "      <td>-0.680680</td>\n",
       "      <td>-0.162945</td>\n",
       "      <td>0.704915</td>\n",
       "      <td>-0.185161</td>\n",
       "      <td>1.000000</td>\n",
       "      <td>-0.129784</td>\n",
       "      <td>-0.102544</td>\n",
       "      <td>-0.096483</td>\n",
       "      <td>-0.152223</td>\n",
       "      <td>0.410490</td>\n",
       "    </tr>\n",
       "    <tr>\n",
       "      <th>12</th>\n",
       "      <td>NaN</td>\n",
       "      <td>-0.531760</td>\n",
       "      <td>0.350809</td>\n",
       "      <td>-0.356494</td>\n",
       "      <td>-0.020486</td>\n",
       "      <td>-0.388205</td>\n",
       "      <td>0.286835</td>\n",
       "      <td>0.386767</td>\n",
       "      <td>0.120282</td>\n",
       "      <td>-0.025865</td>\n",
       "      <td>0.203672</td>\n",
       "      <td>-0.129784</td>\n",
       "      <td>1.000000</td>\n",
       "      <td>0.983840</td>\n",
       "      <td>0.282296</td>\n",
       "      <td>-0.020178</td>\n",
       "      <td>-0.177242</td>\n",
       "    </tr>\n",
       "    <tr>\n",
       "      <th>13</th>\n",
       "      <td>NaN</td>\n",
       "      <td>-0.487321</td>\n",
       "      <td>0.321014</td>\n",
       "      <td>-0.337668</td>\n",
       "      <td>-0.002082</td>\n",
       "      <td>-0.358429</td>\n",
       "      <td>0.224402</td>\n",
       "      <td>0.348250</td>\n",
       "      <td>0.165312</td>\n",
       "      <td>0.018385</td>\n",
       "      <td>0.160034</td>\n",
       "      <td>-0.102544</td>\n",
       "      <td>0.983840</td>\n",
       "      <td>1.000000</td>\n",
       "      <td>0.409394</td>\n",
       "      <td>-0.045914</td>\n",
       "      <td>-0.077382</td>\n",
       "    </tr>\n",
       "    <tr>\n",
       "      <th>14</th>\n",
       "      <td>NaN</td>\n",
       "      <td>-0.106924</td>\n",
       "      <td>-0.107810</td>\n",
       "      <td>-0.099348</td>\n",
       "      <td>0.017248</td>\n",
       "      <td>-0.004084</td>\n",
       "      <td>-0.234346</td>\n",
       "      <td>0.117952</td>\n",
       "      <td>0.432086</td>\n",
       "      <td>0.159293</td>\n",
       "      <td>-0.068461</td>\n",
       "      <td>-0.096483</td>\n",
       "      <td>0.282296</td>\n",
       "      <td>0.409394</td>\n",
       "      <td>1.000000</td>\n",
       "      <td>-0.102554</td>\n",
       "      <td>0.425898</td>\n",
       "    </tr>\n",
       "    <tr>\n",
       "      <th>15</th>\n",
       "      <td>NaN</td>\n",
       "      <td>-0.077343</td>\n",
       "      <td>0.067872</td>\n",
       "      <td>-0.452809</td>\n",
       "      <td>0.112426</td>\n",
       "      <td>-0.135740</td>\n",
       "      <td>0.176491</td>\n",
       "      <td>0.121901</td>\n",
       "      <td>-0.124976</td>\n",
       "      <td>-0.117957</td>\n",
       "      <td>0.060713</td>\n",
       "      <td>-0.152223</td>\n",
       "      <td>-0.020178</td>\n",
       "      <td>-0.045914</td>\n",
       "      <td>-0.102554</td>\n",
       "      <td>1.000000</td>\n",
       "      <td>-0.088501</td>\n",
       "    </tr>\n",
       "    <tr>\n",
       "      <th>16</th>\n",
       "      <td>NaN</td>\n",
       "      <td>0.509500</td>\n",
       "      <td>-0.030022</td>\n",
       "      <td>0.277018</td>\n",
       "      <td>-0.174593</td>\n",
       "      <td>0.357307</td>\n",
       "      <td>-0.510988</td>\n",
       "      <td>-0.426821</td>\n",
       "      <td>0.265503</td>\n",
       "      <td>0.643742</td>\n",
       "      <td>-0.284805</td>\n",
       "      <td>0.410490</td>\n",
       "      <td>-0.177242</td>\n",
       "      <td>-0.077382</td>\n",
       "      <td>0.425898</td>\n",
       "      <td>-0.088501</td>\n",
       "      <td>1.000000</td>\n",
       "    </tr>\n",
       "  </tbody>\n",
       "</table>\n",
       "</div>"
      ],
      "text/plain": [
       "    0         1         2         3         4         5         6         7   \\\n",
       "0  NaN       NaN       NaN       NaN       NaN       NaN       NaN       NaN   \n",
       "1  NaN  1.000000  0.092208  0.503273  0.101113  0.263444 -0.490425 -0.490759   \n",
       "2  NaN  0.092208  1.000000  0.346282 -0.398099 -0.209212  0.116284  0.014852   \n",
       "3  NaN  0.503273  0.346282  1.000000 -0.434040  0.262280 -0.238544 -0.415032   \n",
       "4  NaN  0.101113 -0.398099 -0.434040  1.000000 -0.509087 -0.138862  0.065010   \n",
       "5  NaN  0.263444 -0.209212  0.262280 -0.509087  1.000000 -0.395075 -0.410590   \n",
       "6  NaN -0.490425  0.116284 -0.238544 -0.138862 -0.395075  1.000000  0.552237   \n",
       "7  NaN -0.490759  0.014852 -0.415032  0.065010 -0.410590  0.552237  1.000000   \n",
       "8  NaN -0.003515 -0.100051 -0.060994  0.161991 -0.184332 -0.243883  0.181881   \n",
       "9  NaN  0.413204  0.453774  0.575309 -0.637821  0.419410 -0.208774 -0.410334   \n",
       "10 NaN -0.297291  0.237992 -0.021412 -0.117715 -0.425723  0.703196  0.338745   \n",
       "11 NaN  0.506585  0.565314  0.619308 -0.309771  0.259904 -0.403338 -0.680680   \n",
       "12 NaN -0.531760  0.350809 -0.356494 -0.020486 -0.388205  0.286835  0.386767   \n",
       "13 NaN -0.487321  0.321014 -0.337668 -0.002082 -0.358429  0.224402  0.348250   \n",
       "14 NaN -0.106924 -0.107810 -0.099348  0.017248 -0.004084 -0.234346  0.117952   \n",
       "15 NaN -0.077343  0.067872 -0.452809  0.112426 -0.135740  0.176491  0.121901   \n",
       "16 NaN  0.509500 -0.030022  0.277018 -0.174593  0.357307 -0.510988 -0.426821   \n",
       "\n",
       "          8         9         10        11        12        13        14  \\\n",
       "0        NaN       NaN       NaN       NaN       NaN       NaN       NaN   \n",
       "1  -0.003515  0.413204 -0.297291  0.506585 -0.531760 -0.487321 -0.106924   \n",
       "2  -0.100051  0.453774  0.237992  0.565314  0.350809  0.321014 -0.107810   \n",
       "3  -0.060994  0.575309 -0.021412  0.619308 -0.356494 -0.337668 -0.099348   \n",
       "4   0.161991 -0.637821 -0.117715 -0.309771 -0.020486 -0.002082  0.017248   \n",
       "5  -0.184332  0.419410 -0.425723  0.259904 -0.388205 -0.358429 -0.004084   \n",
       "6  -0.243883 -0.208774  0.703196 -0.403338  0.286835  0.224402 -0.234346   \n",
       "7   0.181881 -0.410334  0.338745 -0.680680  0.386767  0.348250  0.117952   \n",
       "8   1.000000 -0.005678 -0.031765 -0.162945  0.120282  0.165312  0.432086   \n",
       "9  -0.005678  1.000000 -0.004387  0.704915 -0.025865  0.018385  0.159293   \n",
       "10 -0.031765 -0.004387  1.000000 -0.185161  0.203672  0.160034 -0.068461   \n",
       "11 -0.162945  0.704915 -0.185161  1.000000 -0.129784 -0.102544 -0.096483   \n",
       "12  0.120282 -0.025865  0.203672 -0.129784  1.000000  0.983840  0.282296   \n",
       "13  0.165312  0.018385  0.160034 -0.102544  0.983840  1.000000  0.409394   \n",
       "14  0.432086  0.159293 -0.068461 -0.096483  0.282296  0.409394  1.000000   \n",
       "15 -0.124976 -0.117957  0.060713 -0.152223 -0.020178 -0.045914 -0.102554   \n",
       "16  0.265503  0.643742 -0.284805  0.410490 -0.177242 -0.077382  0.425898   \n",
       "\n",
       "          15        16  \n",
       "0        NaN       NaN  \n",
       "1  -0.077343  0.509500  \n",
       "2   0.067872 -0.030022  \n",
       "3  -0.452809  0.277018  \n",
       "4   0.112426 -0.174593  \n",
       "5  -0.135740  0.357307  \n",
       "6   0.176491 -0.510988  \n",
       "7   0.121901 -0.426821  \n",
       "8  -0.124976  0.265503  \n",
       "9  -0.117957  0.643742  \n",
       "10  0.060713 -0.284805  \n",
       "11 -0.152223  0.410490  \n",
       "12 -0.020178 -0.177242  \n",
       "13 -0.045914 -0.077382  \n",
       "14 -0.102554  0.425898  \n",
       "15  1.000000 -0.088501  \n",
       "16 -0.088501  1.000000  "
      ]
     },
     "execution_count": 3,
     "metadata": {},
     "output_type": "execute_result"
    }
   ],
   "source": [
    "# 相关系数\n",
    "r = df.corr()\n",
    "r"
   ]
  },
  {
   "cell_type": "markdown",
   "metadata": {},
   "source": [
    "1. 当某自变量与因变量之间的简单相关系数绝对值很大，在回归方程中没有通过显著性检验时，便可初步判断存在多重共线性。"
   ]
  },
  {
   "cell_type": "code",
   "execution_count": 4,
   "metadata": {},
   "outputs": [
    {
     "name": "stdout",
     "output_type": "stream",
     "text": [
      "因变量和每个自变量之间的相关系数: \n",
      " [ 0.50949986 -0.03002188  0.27701762 -0.17459291  0.35730691 -0.51098849\n",
      " -0.42682123  0.2655034   0.64374176 -0.28480459  0.41049037 -0.17724211\n",
      " -0.07738243  0.42589789 -0.08850055]\n",
      "自变量 6 与因变量之间的简单相关系数为: -0.5110, tPal: 0.1551.\n",
      "\n",
      "存在多重共线性。\n"
     ]
    }
   ],
   "source": [
    "r_xy = np.array(r.iloc[1:p+1][p+1])\n",
    "print('因变量和每个自变量之间的相关系数: \\n', r_xy)\n",
    "\n",
    "judge_xy = True\n",
    "for i in range(p):\n",
    "    if (abs(r_xy[i]) >= 0.5) & (model_std.pvalues[i+1] >= alpha):\n",
    "        judge_xy = False\n",
    "        print('自变量 %d 与因变量之间的简单相关系数为: %.4f, tPal: %.4f.' % (i+1, r_xy[i], model_std.pvalues[i+1]))\n",
    "        \n",
    "if judge_xy:\n",
    "    print('\\n自变量之间不存在多重共线性。')\n",
    "else:\n",
    "    print('\\n存在多重共线性。')"
   ]
  },
  {
   "cell_type": "markdown",
   "metadata": {},
   "source": [
    "2. 当自变量间的相关系数较大时，也可以初步判断出现多重共线性。这里设阀值为0.6"
   ]
  },
  {
   "cell_type": "code",
   "execution_count": 5,
   "metadata": {},
   "outputs": [
    {
     "name": "stdout",
     "output_type": "stream",
     "text": [
      "变量(3,11)之间相关系数较大，为：0.6193\n",
      "变量(6,10)之间相关系数较大，为：0.7032\n",
      "变量(9,11)之间相关系数较大，为：0.7049\n",
      "变量(9,16)之间相关系数较大，为：0.6437\n",
      "变量(12,13)之间相关系数较大，为：0.9838\n",
      "\n",
      "自变量之间存在多重共线性。\n"
     ]
    }
   ],
   "source": [
    "judge_xx = True\n",
    "for (i, j) in combinations(range(1, p+2), 2):\n",
    "    if(r.iloc[i][j] >= 0.6):\n",
    "        judge_xx = False\n",
    "        print('变量(%d,%d)之间相关系数较大，为：%.4f'% (i, j, r.iloc[i][j]))\n",
    "        \n",
    "if judge_xx:\n",
    "    print('\\n自变量之间不存在多重共线性。')\n",
    "else:\n",
    "    print('\\n自变量之间存在多重共线性。')"
   ]
  },
  {
   "cell_type": "markdown",
   "metadata": {},
   "source": [
    "结论：直观判定法认为这些特征之间存多重共线性。"
   ]
  },
  {
   "cell_type": "markdown",
   "metadata": {},
   "source": [
    "【法2】方差扩大因子法  \n",
    "1. 计算自变量 $x_j$ 的方差扩大因子 $\\mathsf{VIF_j}$，$j=1,\\cdots,p$."
   ]
  },
  {
   "cell_type": "code",
   "execution_count": 6,
   "metadata": {
    "scrolled": true
   },
   "outputs": [
    {
     "name": "stdout",
     "output_type": "stream",
     "text": [
      "C主对角线元素  方差扩大因子：\n",
      "1. 4.1139        4.1139\n",
      "2. 6.1436        6.1436\n",
      "3. 3.9678        3.9678\n",
      "4. 7.4700        7.4700\n",
      "5. 4.3076        4.3076\n",
      "6. 4.8605        4.8605\n",
      "7. 3.9948        3.9948\n",
      "8. 1.6583        1.6583\n",
      "9. 6.7796        6.7796\n",
      "10. 2.8416        2.8416\n",
      "11. 8.7171        8.7171\n",
      "12. 98.6399        98.6399\n",
      "13. 104.9824        104.9824\n",
      "14. 4.2289        4.2289\n",
      "15. 1.9071        1.9071\n"
     ]
    }
   ],
   "source": [
    "# 秋方差扩大因子有两种方法\n",
    "\n",
    "# 法1：\n",
    "c = np.dot(X_std.T, X_std)\n",
    "C = np.linalg.inv(c)  \n",
    "C_list = []\n",
    "for i in range(p):\n",
    "    C_list.append(C[i + 1][i + 1])\n",
    "\n",
    "# 法2：\n",
    "vif = [variance_inflation_factor(X_std[:,1:p + 1], i) for i in range(p)]\n",
    "\n",
    "print('C主对角线元素  方差扩大因子：')\n",
    "for i in range(p):\n",
    "    print('%d. %.4f        %.4f' % (i+1, C_list[i], vif[i]))"
   ]
  },
  {
   "cell_type": "markdown",
   "metadata": {},
   "source": [
    "2. 通过 $\\mathsf{VIF_j}$ 的大小判断自变量之间是否存在多重共线性.  \n",
    "    VIF值大于10说明共线性很严重\n",
    "\n",
    "    VIF值在5以下不需要处理\n",
    "\n",
    "    VIF介于5~10之间视情况而定。"
   ]
  },
  {
   "cell_type": "code",
   "execution_count": 7,
   "metadata": {},
   "outputs": [
    {
     "name": "stdout",
     "output_type": "stream",
     "text": [
      "自变量 x2 与其余自变量之间存在多重共线性，其中VIF值为：6.1436\n",
      "自变量 x4 与其余自变量之间存在多重共线性，其中VIF值为：7.4700\n",
      "自变量 x9 与其余自变量之间存在多重共线性，其中VIF值为：6.7796\n",
      "自变量 x11 与其余自变量之间存在多重共线性，其中VIF值为：8.7171\n",
      "自变量 x12 与其余自变量之间存在多重共线性，其中VIF值为：98.6399\n",
      "自变量 x13 与其余自变量之间存在多重共线性，其中VIF值为：104.9824\n",
      "\n",
      "这种判断方式表明变量间存在多重共线性.\n"
     ]
    }
   ],
   "source": [
    "thres_vif = 5\n",
    "flag = False\n",
    "for i in range(p):\n",
    "    if vif[i] >= thres_vif:\n",
    "        flag = True\n",
    "        print('自变量 x%d 与其余自变量之间存在多重共线性，其中VIF值为：%.4f' % (i + 1, vif[i]))\n",
    "\n",
    "if flag==False:\n",
    "    print('这种判断方式表明变量间不存在多重共线性.')\n",
    "print('\\n这种判断方式表明变量间存在多重共线性.')"
   ]
  },
  {
   "cell_type": "markdown",
   "metadata": {},
   "source": [
    "结论：由方法2方差扩大因子可以判断存在多重共线性。"
   ]
  },
  {
   "cell_type": "markdown",
   "metadata": {},
   "source": [
    "【法3】特征值判定法  \n",
    "1. 计算自变量 $x_j$ 的条件数 $\\kappa_j = \\sqrt{\\frac{\\lambda_1}{\\lambda_j}}$，$j=1,\\cdots,p$."
   ]
  },
  {
   "cell_type": "code",
   "execution_count": 8,
   "metadata": {},
   "outputs": [
    {
     "name": "stdout",
     "output_type": "stream",
     "text": [
      "特征值1: 4.5284, kappa1: 1.0000\n",
      "特征值2: 2.7548, kappa2: 1.2821\n",
      "特征值3: 2.0545, kappa3: 1.4846\n",
      "特征值4: 1.3484, kappa4: 1.8326\n",
      "特征值5: 1.2232, kappa5: 1.9241\n",
      "特征值6: 0.9604, kappa6: 2.1714\n",
      "特征值7: 0.6127, kappa7: 2.7185\n",
      "特征值8: 0.4720, kappa8: 3.0974\n",
      "特征值9: 0.3709, kappa9: 3.4944\n",
      "特征值10: 0.0049, kappa10: 30.5051\n",
      "特征值11: 0.0460, kappa11: 9.9176\n",
      "特征值12: 0.2164, kappa12: 4.5746\n",
      "特征值13: 0.1664, kappa13: 5.2175\n",
      "特征值14: 0.1140, kappa14: 6.3030\n",
      "特征值15: 0.1270, kappa15: 5.9712\n"
     ]
    }
   ],
   "source": [
    " # 计算相关系数矩阵\n",
    "corr = np.corrcoef(X_std[:,1:p+1], rowvar = 0)\n",
    "# 特征值 & 特征向量\n",
    "w, v = np.linalg.eig(corr) \n",
    "\n",
    "kappa = []\n",
    "for i in range(p):\n",
    "    kappa.append(np.sqrt(max(w) / w[i]))\n",
    "    print('特征值%d: %.4f, kappa%d: %.4f' %(i + 1, w[i], i + 1, kappa[i]))"
   ]
  },
  {
   "cell_type": "markdown",
   "metadata": {},
   "source": [
    "2. 通过 $\\kappa_p$ 的大小判断自变量之间是否存在多重共线性以及多重共线性的严重程度.  \n",
    "记 $\\kappa=\\lambda_{max}/ \\lambda_{min}$.\n",
    "\n",
    "一般若 $\\kappa<100$，则认为多重共线性的程度很小\n",
    "\n",
    "若 $100<=\\kappa<=1000$，则认为存在一般程度上的多重共线性\n",
    "\n",
    "若 $\\kappa>1000$，则认为存在严重的多重共线性\n",
    "\n",
    "$\\kappa >= c_{\\kappa}$时，自变量之间存在多重共线性，$c_{\\kappa}$常见取值为10，100，1000."
   ]
  },
  {
   "cell_type": "code",
   "execution_count": 9,
   "metadata": {},
   "outputs": [
    {
     "name": "stdout",
     "output_type": "stream",
     "text": [
      "设计矩阵 X 存在多重共线性，其中kappa值为：30.5051\n"
     ]
    }
   ],
   "source": [
    "#本实验中thres_kappa = 10\n",
    "\n",
    "thres_kappa = 10\n",
    "if np.max(kappa) >= thres_kappa:\n",
    "    print('设计矩阵 X 存在多重共线性，其中kappa值为：%.4f' % np.max(kappa))\n",
    "else:\n",
    "    print('设计矩阵 X 不存在多重共线性，其中kappa值为：%.4f' % np.max(kappa))"
   ]
  },
  {
   "cell_type": "markdown",
   "metadata": {},
   "source": [
    "综上所述，使用以上3种方法都判断认为存在多重共线性的，故这些特征之间存在多重共线性。"
   ]
  },
  {
   "cell_type": "markdown",
   "metadata": {},
   "source": [
    "## Q3：以 BIC 为指标，对模型进行逐步回归做变量选择，判断变量选择后是否存在多重共线性。 \n",
    "\n"
   ]
  },
  {
   "cell_type": "markdown",
   "metadata": {},
   "source": [
    "【1】后退法"
   ]
  },
  {
   "cell_type": "markdown",
   "metadata": {},
   "source": [
    "1. 后退法，进行变量选择"
   ]
  },
  {
   "cell_type": "code",
   "execution_count": 10,
   "metadata": {},
   "outputs": [
    {
     "name": "stdout",
     "output_type": "stream",
     "text": [
      "原始模型的bic值为：643.5702\n",
      "剔除剩余变量中第 11 列变量： 剩余变量： [1, 2, 3, 4, 5, 6, 7, 8, 9, 10, 12, 13, 14, 15]\n",
      "此时模型的bic值为：639.4795\n",
      "剔除剩余变量中第 15 列变量： 剩余变量： [1, 2, 3, 4, 5, 6, 7, 8, 9, 10, 12, 13, 14]\n",
      "此时模型的bic值为：635.3994\n",
      "剔除剩余变量中第 10 列变量： 剩余变量： [1, 2, 3, 4, 5, 6, 7, 8, 9, 12, 13, 14]\n",
      "此时模型的bic值为：631.3236\n",
      "剔除剩余变量中第 7 列变量： 剩余变量： [1, 2, 3, 4, 5, 6, 8, 9, 12, 13, 14]\n",
      "此时模型的bic值为：627.4625\n",
      "剔除剩余变量中第 14 列变量： 剩余变量： [1, 2, 3, 4, 5, 6, 8, 9, 12, 13]\n",
      "此时模型的bic值为：623.7009\n",
      "剔除剩余变量中第 8 列变量： 剩余变量： [1, 2, 3, 4, 5, 6, 9, 12, 13]\n",
      "此时模型的bic值为：620.8511\n",
      "剔除剩余变量中第 4 列变量： 剩余变量： [1, 2, 3, 5, 6, 9, 12, 13]\n",
      "此时模型的bic值为：619.5003\n",
      "剔除剩余变量中第 1 列变量： 剩余变量： [2, 3, 5, 6, 9, 12, 13]\n",
      "此时模型的bic值为：618.3439\n",
      "剔除剩余变量中第 3 列变量： 剩余变量： [2, 5, 6, 9, 12, 13]\n",
      "此时模型的bic值为：617.9347\n",
      "剔除剩余变量中第 5 列变量： 剩余变量： [2, 6, 9, 12, 13]\n",
